[gd_scene load_steps=12 format=3 uid="uid://bgyia7jid0gmm"]

[ext_resource type="Script" uid="uid://bqdqmuif1xqdg" path="res://gd/environment/sweden/sweden.gd" id="1_30kyq"]
[ext_resource type="AudioStream" uid="uid://ck4al0cy4vn3v" path="res://assets/environment/sweden/sounds/world3.wav" id="2_duh1m"]
[ext_resource type="Texture2D" uid="uid://cgw7g6g7xhcla" path="res://assets/environment/sweden/textures/tundra.png" id="3_ytbxk"]
[ext_resource type="Texture2D" uid="uid://b1mi45y3fjkot" path="res://assets/environment/sweden/textures/snow.png" id="4_04vq2"]
[ext_resource type="PackedScene" uid="uid://d8gnmkghjw4y" path="res://scenes/sheep/playernode.tscn" id="5_uknym"]
[ext_resource type="PackedScene" uid="uid://bc1fshpqvqgqa" path="res://assets/misc/models/fence/fencircular.glb" id="6_84v7n"]
[ext_resource type="PackedScene" uid="uid://bfllceqgmkr8f" path="res://scenes/sheep/characternode.tscn" id="7_shhve"]

[sub_resource type="PanoramaSkyMaterial" id="PanoramaSkyMaterial_7b2gm"]
panorama = ExtResource("3_ytbxk")
energy_multiplier = 2.09

[sub_resource type="Sky" id="Sky_wetts"]
sky_material = SubResource("PanoramaSkyMaterial_7b2gm")

[sub_resource type="Environment" id="Environment_0dwx2"]
background_mode = 2
background_color = Color(1, 1, 1, 1)
background_energy_multiplier = 0.65
sky = SubResource("Sky_wetts")
sky_custom_fov = 76.1
ambient_light_source = 3
ambient_light_color = Color(1, 1, 1, 1)
ambient_light_energy = 4.0
ssao_enabled = true
ssao_radius = 1.75
ssao_intensity = 14.95
ssil_intensity = 10.27
sdfgi_enabled = true
fog_enabled = true
fog_light_color = Color(0.760784, 0.878431, 0.984314, 1)
fog_density = 0.0166
fog_sky_affect = 0.0
volumetric_fog_emission = Color(1, 1, 1, 1)

[sub_resource type="StandardMaterial3D" id="StandardMaterial3D_ompuh"]
albedo_color = Color(0.894118, 0.933333, 1, 1)
albedo_texture = ExtResource("4_04vq2")
uv1_scale = Vector3(0.05, 0.05, 0.05)
uv1_triplanar = true
grow_amount = -16.0

[node name="Node3D" type="Node3D"]
script = ExtResource("1_30kyq")

[node name="World3" type="AudioStreamPlayer" parent="."]
stream = ExtResource("2_duh1m")
volume_db = -16.0
autoplay = true
bus = &"Music"

[node name="WorldEnvironment" type="WorldEnvironment" parent="."]
environment = SubResource("Environment_0dwx2")

[node name="CSGBox3D" type="CSGBox3D" parent="."]
transform = Transform3D(1, 0, 0, 0, 1, 0, 0, 0, 1, -55.3291, -1.01638, -117.341)
material_override = SubResource("StandardMaterial3D_ompuh")
use_collision = true
size = Vector3(624.43, 1, 635.964)
metadata/_edit_lock_ = true

[node name="Player" parent="." instance=ExtResource("5_uknym")]
transform = Transform3D(1, 0, 0, 0, 1, 0, 0, 0, 1, -26.3636, 0.529598, -30.3559)

[node name="fencircular" parent="." instance=ExtResource("6_84v7n")]
transform = Transform3D(4.15097, 0, 0, 0, 3.49015, 0, 0, 0, 4.15097, -7.90337, 2.39774, -48.269)

[node name="Sheep" type="Node" parent="."]

[node name="Sheep" parent="Sheep" instance=ExtResource("7_shhve")]
transform = Transform3D(1, 0, 0, 0, 1, 0, 0, 0, 1, -29.4949, -0.219317, -79.5452)

[node name="Sheep2" parent="Sheep" instance=ExtResource("7_shhve")]
transform = Transform3D(1, 0, 0, 0, 1, 0, 0, 0, 1, -18.4774, 0.0162479, -86.9558)

[node name="Sheep3" parent="Sheep" instance=ExtResource("7_shhve")]
transform = Transform3D(0.717665, 0, -0.696389, 0, 1, 0, 0.696389, 0, 0.717665, -10.2096, 0.0162479, -79.0713)

[node name="Sheep4" parent="Sheep" instance=ExtResource("7_shhve")]
transform = Transform3D(1, 0, 0, 0, 1, 0, 0, 0, 1, -18.987, 0.0162479, -79.5461)

[node name="Sheep5" parent="Sheep" instance=ExtResource("7_shhve")]
transform = Transform3D(0.0191974, 0, -0.999816, 0, 1, 0, 0.999816, 0, 0.0191974, 9.89882, 0.0162479, -76.2999)

[node name="Sheep6" parent="Sheep" instance=ExtResource("7_shhve")]
transform = Transform3D(0.0191974, 0, -0.999816, 0, 1, 0, 0.999816, 0, 0.0191974, 17.5162, 0.0162479, -65.5507)

[node name="Sheep7" parent="Sheep" instance=ExtResource("7_shhve")]
transform = Transform3D(-0.682483, 0, -0.730901, 0, 1, 0, 0.730901, 0, -0.682483, 9.79199, 0.0162479, -57.1331)

[node name="Sheep8" parent="Sheep" instance=ExtResource("7_shhve")]
transform = Transform3D(0.0191974, 0, -0.999816, 0, 1, 0, 0.999816, 0, 0.0191974, 10.0982, 0.0162479, -65.9179)

[node name="Sheep9" parent="Sheep" instance=ExtResource("7_shhve")]
transform = Transform3D(0.685641, 0, 0.72794, 0, 1, 0, -0.72794, 0, 0.685641, -43.9966, 0.0162479, -79.174)

[node name="Sheep10" parent="Sheep" instance=ExtResource("7_shhve")]
transform = Transform3D(0.99899, 0, 0.0449444, 0, 1, 0, -0.0449444, 0, 0.99899, -32.5885, 0.0162479, -79.7865)

[node name="Sheep11" parent="Sheep" instance=ExtResource("7_shhve")]
transform = Transform3D(0.685641, 0, 0.72794, 0, 1, 0, -0.72794, 0, 0.685641, -38.9521, 0.0162479, -73.7227)

[node name="Sheep12" parent="Sheep" instance=ExtResource("7_shhve")]
transform = Transform3D(0.848713, 0, -0.528853, 0, 1, 0, 0.528853, 0, 0.848713, -20.7151, 0.0162479, -82.9243)

[node name="Sheep13" parent="Sheep" instance=ExtResource("7_shhve")]
transform = Transform3D(0.848713, 0, -0.528853, 0, 1, 0, 0.528853, 0, 0.848713, -7.55103, 0.0162479, -83.452)

[node name="Sheep14" parent="Sheep" instance=ExtResource("7_shhve")]
transform = Transform3D(0.240804, 0, -0.970574, 0, 1, 0, 0.970574, 0, 0.240804, -4.70379, 0.0162479, -72.3879)

[node name="Sheep15" parent="Sheep" instance=ExtResource("7_shhve")]
transform = Transform3D(0.848713, 0, -0.528853, 0, 1, 0, 0.528853, 0, 0.848713, -11.9021, 0.0162479, -77.4328)

[node name="Sheep16" parent="Sheep" instance=ExtResource("7_shhve")]
transform = Transform3D(-0.512463, 0, -0.85871, 0, 1, 0, 0.85871, 0, -0.512463, 10.8968, 0.0162479, -59.4013)

[node name="Sheep17" parent="Sheep" instance=ExtResource("7_shhve")]
transform = Transform3D(-0.512463, 0, -0.85871, 0, 1, 0, 0.85871, 0, -0.512463, 11.6771, 0.0162479, -46.2498)

[node name="Sheep18" parent="Sheep" instance=ExtResource("7_shhve")]
transform = Transform3D(-0.965772, 0, -0.259392, 0, 1, 0, 0.259392, 0, -0.965772, 0.669762, 0.0162479, -43.1907)

[node name="Sheep19" parent="Sheep" instance=ExtResource("7_shhve")]
transform = Transform3D(-0.512463, 0, -0.85871, 0, 1, 0, 0.85871, 0, -0.512463, 5.57549, 0.0162479, -50.4846)

[node name="Sheep20" parent="Sheep" instance=ExtResource("7_shhve")]
transform = Transform3D(0.506816, 0, 0.862054, 0, 1, 0, -0.862054, 0, 0.506816, -39.9017, 0.0162479, -60.2057)

[node name="Sheep21" parent="Sheep" instance=ExtResource("7_shhve")]
transform = Transform3D(0.966886, 0, 0.255209, 0, 1, 0, -0.255209, 0, 0.966886, -41.9666, 0.0162479, -80.399)

[node name="Sheep22" parent="Sheep" instance=ExtResource("7_shhve")]
transform = Transform3D(0.966886, 0, 0.255209, 0, 1, 0, -0.255209, 0, 0.966886, -33.3249, 0.0162479, -90.3434)

[node name="Sheep23" parent="Sheep" instance=ExtResource("7_shhve")]
transform = Transform3D(0.871625, 0, -0.490174, 0, 1, 0, 0.490174, 0, 0.871625, -23.3188, 0.0162479, -84.83)

[node name="Sheep24" parent="Sheep" instance=ExtResource("7_shhve")]
transform = Transform3D(0.966886, 0, 0.255209, 0, 1, 0, -0.255209, 0, 0.966886, -31.9266, 0.0162479, -83.049)

[node name="Sheep25" parent="Sheep" instance=ExtResource("7_shhve")]
transform = Transform3D(0.993655, 0, -0.112475, 0, 1, 0, 0.112475, 0, 0.993655, -11.7117, 0.0162479, -134.302)

[node name="Sheep26" parent="Sheep" instance=ExtResource("7_shhve")]
transform = Transform3D(0.993655, 0, -0.112475, 0, 1, 0, 0.112475, 0, 0.993655, -0.0539799, 0.0162479, -140.439)

[node name="Sheep27" parent="Sheep" instance=ExtResource("7_shhve")]
transform = Transform3D(0.634784, 0, -0.772689, 0, 1, 0, 0.772689, 0, 0.634784, 7.2745, 0.0162479, -131.675)

[node name="Sheep28" parent="Sheep" instance=ExtResource("7_shhve")]
transform = Transform3D(0.993655, 0, -0.112475, 0, 1, 0, 0.112475, 0, 0.993655, -1.39372, 0.0162479, -133.134)

[node name="Sheep29" parent="Sheep" instance=ExtResource("7_shhve")]
transform = Transform3D(-0.0933785, 0, -0.995631, 0, 1, 0, 0.995631, 0, -0.0933785, 26.9437, 0.0162479, -126.659)

[node name="Sheep30" parent="Sheep" instance=ExtResource("7_shhve")]
transform = Transform3D(0.0191974, 0, -0.999816, 0, 1, 0, 0.999816, 0, 0.0191974, 12.5162, 0.0162479, -102.551)

[node name="Sheep31" parent="Sheep" instance=ExtResource("7_shhve")]
transform = Transform3D(-0.682483, 0, -0.730901, 0, 1, 0, 0.730901, 0, -0.682483, 11.1601, -0.752428, -91.4352)

[node name="Sheep32" parent="Sheep" instance=ExtResource("7_shhve")]
transform = Transform3D(-0.0933785, 0, -0.995631, 0, 1, 0, 0.995631, 0, -0.0933785, 25.974, 0.0162479, -116.321)

[node name="Sheep33" parent="Sheep" instance=ExtResource("7_shhve")]
transform = Transform3D(-0.714644, 0, 0.699489, 0, 1, 0, -0.699489, 0, -0.714644, -25.2786, 0.0162479, -73.3753)

[node name="Sheep34" parent="Sheep" instance=ExtResource("7_shhve")]
transform = Transform3D(-0.714644, 0, 0.699489, 0, 1, 0, -0.699489, 0, -0.714644, -38.2466, 0.0162479, -75.6999)

[node name="Sheep35" parent="Sheep" instance=ExtResource("7_shhve")]
transform = Transform3D(-0.0257581, 0, 0.999668, 0, 1, 0, -0.999668, 0, -0.0257581, -38.64, 0.0162479, -87.1176)

[node name="Sheep36" parent="Sheep" instance=ExtResource("7_shhve")]
transform = Transform3D(-0.714644, 0, 0.699489, 0, 1, 0, -0.699489, 0, -0.714644, -32.6994, 0.0162479, -80.6387)

[node name="Sheep37" parent="Sheep" instance=ExtResource("7_shhve")]
transform = Transform3D(0.763165, 0, 0.646204, 0, 1, 0, -0.646204, 0, 0.763165, -29.8118, 0.0162479, -122.883)

[node name="Sheep38" parent="Sheep" instance=ExtResource("7_shhve")]
transform = Transform3D(0.763165, 0, 0.646204, 0, 1, 0, -0.646204, 0, 0.763165, -26.2865, 0.0162479, -135.577)

[node name="Sheep39" parent="Sheep" instance=ExtResource("7_shhve")]
transform = Transform3D(0.997706, 0, -0.067702, 0, 1, 0, 0.067702, 0, 0.997706, -14.8819, 0.0162479, -134.902)

[node name="Sheep40" parent="Sheep" instance=ExtResource("7_shhve")]
transform = Transform3D(0.763165, 0, 0.646204, 0, 1, 0, -0.646204, 0, 0.763165, -21.8872, 0.0162479, -129.593)

[node name="Sheep41" parent="Sheep" instance=ExtResource("7_shhve")]
transform = Transform3D(0.783845, 0, -0.620956, 0, 1, 0, 0.620956, 0, 0.783845, -2.73089, 0.0162479, -136.685)

[node name="Sheep42" parent="Sheep" instance=ExtResource("7_shhve")]
transform = Transform3D(0.848713, 0, -0.528853, 0, 1, 0, 0.528853, 0, 0.848713, -12.551, 0.0162479, -120.452)

[node name="Sheep43" parent="Sheep" instance=ExtResource("7_shhve")]
transform = Transform3D(0.130111, 0, -0.991499, 0, 1, 0, 0.991499, 0, 0.130111, 11.9937, 0.0162479, -124.414)

[node name="Sheep44" parent="Sheep" instance=ExtResource("7_shhve")]
transform = Transform3D(0.783845, 0, -0.620956, 0, 1, 0, 0.620956, 0, 0.783845, 5.40845, 0.0162479, -130.237)

[node name="Sheep45" parent="Sheep" instance=ExtResource("7_shhve")]
transform = Transform3D(-0.512463, 0, -0.85871, 0, 1, 0, 0.85871, 0, -0.512463, 6.67711, 0.0162479, -83.2498)

[node name="Sheep46" parent="Sheep" instance=ExtResource("7_shhve")]
transform = Transform3D(-0.965772, 0, -0.259392, 0, 1, 0, 0.259392, 0, -0.965772, -4.33024, 0.0162479, -80.1907)

[node name="Sheep47" parent="Sheep" instance=ExtResource("7_shhve")]
transform = Transform3D(-0.512463, 0, -0.85871, 0, 1, 0, 0.85871, 0, -0.512463, 0.575487, 0.0162479, -87.4846)

[node name="Sheep48" parent="Sheep" instance=ExtResource("7_shhve")]
transform = Transform3D(-0.236601, 0, 0.971607, 0, 1, 0, -0.971607, 0, -0.236601, -40.8294, 0.0162479, -78.4762)

[node name="Sheep49" parent="Sheep" instance=ExtResource("7_shhve")]
transform = Transform3D(-0.125818, 0, 0.992053, 0, 1, 0, -0.992053, 0, -0.125818, -31.1326, 0.0162479, -107.074)

[node name="Sheep50" parent="Sheep" instance=ExtResource("7_shhve")]
transform = Transform3D(-0.714644, 0, 0.699489, 0, 1, 0, -0.699489, 0, -0.714644, -99.2211, 0.0162479, -40.8813)

[node name="Sheep51" parent="Sheep" instance=ExtResource("7_shhve")]
transform = Transform3D(-0.0257581, 0, 0.999668, 0, 1, 0, -0.999668, 0, -0.0257581, -99.6145, 0.0162479, -52.2991)

[node name="Sheep52" parent="Sheep" instance=ExtResource("7_shhve")]
transform = Transform3D(-0.714644, 0, 0.699489, 0, 1, 0, -0.699489, 0, -0.714644, -93.6739, 0.0162479, -45.8201)

[node name="Sheep53" parent="Sheep" instance=ExtResource("7_shhve")]
transform = Transform3D(0.685641, 0, 0.72794, 0, 1, 0, -0.72794, 0, 0.685641, -112.046, 0.0162479, -68.3453)

[node name="Sheep54" parent="Sheep" instance=ExtResource("7_shhve")]
transform = Transform3D(0.685641, 0, 0.72794, 0, 1, 0, -0.72794, 0, 0.685641, -109.971, 0.0162479, -81.3555)

[node name="Sheep55" parent="Sheep" instance=ExtResource("7_shhve")]
transform = Transform3D(0.99899, 0, 0.0449444, 0, 1, 0, -0.0449444, 0, 0.99899, -98.563, 0.0162479, -81.968)

[node name="Sheep56" parent="Sheep" instance=ExtResource("7_shhve")]
transform = Transform3D(0.685641, 0, 0.72794, 0, 1, 0, -0.72794, 0, 0.685641, -104.927, 0.0162479, -75.9041)

[node name="Sheep57" parent="Sheep" instance=ExtResource("7_shhve")]
transform = Transform3D(0.848713, 0, -0.528853, 0, 1, 0, 0.528853, 0, 0.848713, -86.6896, 0.0162479, -85.1058)

[node name="Sheep58" parent="Sheep" instance=ExtResource("7_shhve")]
transform = Transform3D(0.848713, 0, -0.528853, 0, 1, 0, 0.528853, 0, 0.848713, -73.5256, 0.0162479, -85.6334)

[node name="Sheep59" parent="Sheep" instance=ExtResource("7_shhve")]
transform = Transform3D(0.240804, 0, -0.970574, 0, 1, 0, 0.970574, 0, 0.240804, -70.6783, 0.0162479, -74.5694)

[node name="Sheep60" parent="Sheep" instance=ExtResource("7_shhve")]
transform = Transform3D(0.848713, 0, -0.528853, 0, 1, 0, 0.528853, 0, 0.848713, -77.8767, 0.0162479, -79.6142)

[node name="Sheep61" parent="Sheep" instance=ExtResource("7_shhve")]
transform = Transform3D(-0.512463, 0, -0.85871, 0, 1, 0, 0.85871, 0, -0.512463, -55.0777, 0.0162479, -61.5828)

[node name="Sheep62" parent="Sheep" instance=ExtResource("7_shhve")]
transform = Transform3D(-0.512463, 0, -0.85871, 0, 1, 0, 0.85871, 0, -0.512463, -54.2974, 0.0162479, -48.4313)

[node name="Sheep63" parent="Sheep" instance=ExtResource("7_shhve")]
transform = Transform3D(-0.965772, 0, -0.259392, 0, 1, 0, 0.259392, 0, -0.965772, -65.3048, 0.0162479, -45.3722)

[node name="Sheep64" parent="Sheep" instance=ExtResource("7_shhve")]
transform = Transform3D(-0.512463, 0, -0.85871, 0, 1, 0, 0.85871, 0, -0.512463, -60.399, 0.0162479, -52.666)

[node name="Sheep65" parent="Sheep" instance=ExtResource("7_shhve")]
transform = Transform3D(0.685641, 0, 0.72794, 0, 1, 0, -0.72794, 0, 0.685641, -45.3962, 0.0162479, -72.8452)

[node name="Sheep66" parent="Sheep" instance=ExtResource("7_shhve")]
transform = Transform3D(0.685641, 0, 0.72794, 0, 1, 0, -0.72794, 0, 0.685641, -43.321, 0.0162479, -85.8553)

[node name="Sheep67" parent="Sheep" instance=ExtResource("7_shhve")]
transform = Transform3D(0.685641, 0, 0.72794, 0, 1, 0, -0.72794, 0, 0.685641, -38.2766, 0.0162479, -80.404)

[node name="Sheep68" parent="Sheep" instance=ExtResource("7_shhve")]
transform = Transform3D(-0.236601, 0, 0.971607, 0, 1, 0, -0.971607, 0, -0.236601, -44.9305, 0.0162479, -56.9885)

[node name="Sheep69" parent="Sheep" instance=ExtResource("7_shhve")]
transform = Transform3D(0.506816, 0, 0.862054, 0, 1, 0, -0.862054, 0, 0.506816, -39.2261, 0.0162479, -66.887)

[node name="Sheep70" parent="Sheep" instance=ExtResource("7_shhve")]
transform = Transform3D(-0.236601, 0, 0.971607, 0, 1, 0, -0.971607, 0, -0.236601, -37.6107, 0.0162479, -58.2466)

[node name="Sheep71" parent="Sheep" instance=ExtResource("7_shhve")]
transform = Transform3D(0.966886, 0, 0.255209, 0, 1, 0, -0.255209, 0, 0.966886, -41.291, 0.0162479, -87.0803)

[node name="Sheep72" parent="Sheep" instance=ExtResource("7_shhve")]
transform = Transform3D(0.871625, 0, -0.490174, 0, 1, 0, 0.490174, 0, 0.871625, -22.6432, 0.0162479, -91.5113)

[node name="Sheep73" parent="Sheep" instance=ExtResource("7_shhve")]
transform = Transform3D(0.0191974, 0, -0.999816, 0, 1, 0, 0.999816, 0, 0.0191974, -55.4001, 0.0162479, -85.1626)

[node name="Sheep74" parent="Sheep" instance=ExtResource("7_shhve")]
transform = Transform3D(0.0191974, 0, -0.999816, 0, 1, 0, 0.999816, 0, 0.0191974, -47.7827, 0.0162479, -74.4134)

[node name="Sheep75" parent="Sheep" instance=ExtResource("7_shhve")]
transform = Transform3D(-0.682483, 0, -0.730901, 0, 1, 0, 0.730901, 0, -0.682483, -55.507, 0.0162479, -65.9958)

[node name="Sheep76" parent="Sheep" instance=ExtResource("7_shhve")]
transform = Transform3D(0.0191974, 0, -0.999816, 0, 1, 0, 0.999816, 0, 0.0191974, -55.2008, 0.0162479, -74.7806)

[node name="Sheep77" parent="Sheep" instance=ExtResource("7_shhve")]
transform = Transform3D(-0.512463, 0, -0.85871, 0, 1, 0, 0.85871, 0, -0.512463, -54.4021, 0.0162479, -68.2641)

[node name="Sheep78" parent="Sheep" instance=ExtResource("7_shhve")]
transform = Transform3D(-0.512463, 0, -0.85871, 0, 1, 0, 0.85871, 0, -0.512463, -53.6218, 0.0162479, -55.1126)

[node name="Sheep79" parent="Sheep" instance=ExtResource("7_shhve")]
transform = Transform3D(-0.965772, 0, -0.259392, 0, 1, 0, 0.259392, 0, -0.965772, -64.6292, 0.0162479, -52.0535)

[node name="Sheep80" parent="Sheep" instance=ExtResource("7_shhve")]
transform = Transform3D(-0.512463, 0, -0.85871, 0, 1, 0, 0.85871, 0, -0.512463, -59.7235, 0.0162479, -59.3473)

[node name="Sheep81" parent="Sheep" instance=ExtResource("7_shhve")]
transform = Transform3D(-0.236601, 0, 0.971607, 0, 1, 0, -0.971607, 0, -0.236601, -101.804, 0.0162479, -43.6577)

[node name="Sheep82" parent="Sheep" instance=ExtResource("7_shhve")]
transform = Transform3D(-0.236601, 0, 0.971607, 0, 1, 0, -0.971607, 0, -0.236601, -111.581, 0.0162479, -52.4887)

[node name="Sheep83" parent="Sheep" instance=ExtResource("7_shhve")]
transform = Transform3D(0.506816, 0, 0.862054, 0, 1, 0, -0.862054, 0, 0.506816, -105.876, 0.0162479, -62.3872)

[node name="Sheep84" parent="Sheep" instance=ExtResource("7_shhve")]
transform = Transform3D(-0.236601, 0, 0.971607, 0, 1, 0, -0.971607, 0, -0.236601, -104.261, 0.0162479, -53.7467)

[node name="Sheep85" parent="Sheep" instance=ExtResource("7_shhve")]
transform = Transform3D(0.966886, 0, 0.255209, 0, 1, 0, -0.255209, 0, 0.966886, -107.941, 0.0162479, -82.5804)

[node name="Sheep86" parent="Sheep" instance=ExtResource("7_shhve")]
transform = Transform3D(0.966886, 0, 0.255209, 0, 1, 0, -0.255209, 0, 0.966886, -99.2994, 0.0162479, -92.5248)

[node name="Sheep87" parent="Sheep" instance=ExtResource("7_shhve")]
transform = Transform3D(0.871625, 0, -0.490174, 0, 1, 0, 0.490174, 0, 0.871625, -89.2933, 0.0162479, -87.0115)

[node name="Sheep88" parent="Sheep" instance=ExtResource("7_shhve")]
transform = Transform3D(0.966886, 0, 0.255209, 0, 1, 0, -0.255209, 0, 0.966886, -97.9011, 0.0162479, -85.2305)

[node name="Sheep89" parent="Sheep" instance=ExtResource("7_shhve")]
transform = Transform3D(-0.714644, 0, 0.699489, 0, 1, 0, -0.699489, 0, -0.714644, 20.6254, 0.0162479, 18.5709)

[node name="Sheep90" parent="Sheep" instance=ExtResource("7_shhve")]
transform = Transform3D(-0.714644, 0, 0.699489, 0, 1, 0, -0.699489, 0, -0.714644, 7.65745, 0.0162479, 16.2463)

[node name="Sheep91" parent="Sheep" instance=ExtResource("7_shhve")]
transform = Transform3D(-0.0257581, 0, 0.999668, 0, 1, 0, -0.999668, 0, -0.0257581, 7.26403, 0.0162479, 4.82859)

[node name="Sheep92" parent="Sheep" instance=ExtResource("7_shhve")]
transform = Transform3D(-0.714644, 0, 0.699489, 0, 1, 0, -0.699489, 0, -0.714644, 13.2046, 0.0162479, 11.3075)

[node name="Sheep93" parent="Sheep" instance=ExtResource("7_shhve")]
transform = Transform3D(0.685641, 0, 0.72794, 0, 1, 0, -0.72794, 0, 0.685641, -5.16774, 0.0162479, -11.2177)

[node name="Sheep94" parent="Sheep" instance=ExtResource("7_shhve")]
transform = Transform3D(-0.236601, 0, 0.971607, 0, 1, 0, -0.971607, 0, -0.236601, 5.07458, 0.0162479, 13.47)

[node name="Sheep95" parent="Sheep" instance=ExtResource("7_shhve")]
transform = Transform3D(-0.236601, 0, 0.971607, 0, 1, 0, -0.971607, 0, -0.236601, -4.7021, 0.0162479, 4.63894)

[node name="Sheep96" parent="Sheep" instance=ExtResource("7_shhve")]
transform = Transform3D(0.506816, 0, 0.862054, 0, 1, 0, -0.862054, 0, 0.506816, 1.00232, 0.0162479, -5.25952)

[node name="Sheep97" parent="Sheep" instance=ExtResource("7_shhve")]
transform = Transform3D(-0.236601, 0, 0.971607, 0, 1, 0, -0.971607, 0, -0.236601, 2.61775, 0.0162479, 3.38091)

[node name="Sheep98" parent="Sheep" instance=ExtResource("7_shhve")]
transform = Transform3D(-0.714644, 0, 0.699489, 0, 1, 0, -0.699489, 0, -0.714644, -45.3492, 0.0162479, 16.3895)

[node name="Sheep99" parent="Sheep" instance=ExtResource("7_shhve")]
transform = Transform3D(-0.714644, 0, 0.699489, 0, 1, 0, -0.699489, 0, -0.714644, -58.3171, 0.0162479, 14.0649)

[node name="Sheep100" parent="Sheep" instance=ExtResource("7_shhve")]
transform = Transform3D(-0.0257581, 0, 0.999668, 0, 1, 0, -0.999668, 0, -0.0257581, -58.7105, 0.0162479, 2.64714)

[node name="Sheep101" parent="Sheep" instance=ExtResource("7_shhve")]
transform = Transform3D(0.685641, 0, 0.72794, 0, 1, 0, -0.72794, 0, 0.685641, -71.1423, 0.0162479, -13.3991)

[node name="Sheep102" parent="Sheep" instance=ExtResource("7_shhve")]
transform = Transform3D(0.685641, 0, 0.72794, 0, 1, 0, -0.72794, 0, 0.685641, -69.0671, 0.0162479, -26.4093)

[node name="Sheep103" parent="Sheep" instance=ExtResource("7_shhve")]
transform = Transform3D(0.685641, 0, 0.72794, 0, 1, 0, -0.72794, 0, 0.685641, -64.0227, 0.0162479, -20.9579)

[node name="Sheep104" parent="Sheep" instance=ExtResource("7_shhve")]
transform = Transform3D(-0.0257581, 0, 0.999668, 0, 1, 0, -0.999668, 0, -0.0257581, 7.93961, 0.0162479, -1.8527)

[node name="Sheep105" parent="Sheep" instance=ExtResource("7_shhve")]
transform = Transform3D(-0.236601, 0, 0.971607, 0, 1, 0, -0.971607, 0, -0.236601, -4.02652, 0.0162479, -2.04235)

[node name="Sheep106" parent="Sheep" instance=ExtResource("7_shhve")]
transform = Transform3D(0.506816, 0, 0.862054, 0, 1, 0, -0.862054, 0, 0.506816, 1.67789, 0.0162479, -11.9408)

[node name="Sheep107" parent="Sheep" instance=ExtResource("7_shhve")]
transform = Transform3D(-0.236601, 0, 0.971607, 0, 1, 0, -0.971607, 0, -0.236601, 3.29333, 0.0162479, -3.30038)

[node name="Sheep108" parent="Sheep" instance=ExtResource("7_shhve")]
transform = Transform3D(0.322464, 0, 0.946582, 0, 1, 0, -0.946582, 0, 0.322464, 20.3067, 0.0162479, 37.0091)

[node name="Sheep109" parent="Sheep" instance=ExtResource("7_shhve")]
transform = Transform3D(-0.427768, 0, 0.903889, 0, 1, 0, -0.903889, 0, -0.427768, 23.6322, 0.0162479, 45.1459)

[node name="Sheep110" parent="Sheep" instance=ExtResource("7_shhve")]
transform = Transform3D(0.89551, 0, 0.445041, 0, 1, 0, -0.445041, 0, 0.89551, 14.21, 0.0162479, 17.6477)

[node name="Sheep111" parent="Sheep" instance=ExtResource("7_shhve")]
transform = Transform3D(0.979435, 0, 0.201762, 0, 1, 0, -0.201762, 0, 0.979435, -38.339, 0.0162479, 27.1163)

[node name="Sheep112" parent="Sheep" instance=ExtResource("7_shhve")]
transform = Transform3D(0.979435, 0, 0.201762, 0, 1, 0, -0.201762, 0, 0.979435, -29.1646, 0.0162479, 17.6611)

[node name="Sheep113" parent="Sheep" instance=ExtResource("7_shhve")]
transform = Transform3D(0.84341, 0, -0.53727, 0, 1, 0, 0.53727, 0, 0.84341, -19.4761, 0.0162479, 23.7153)

[node name="Sheep114" parent="Sheep" instance=ExtResource("7_shhve")]
transform = Transform3D(0.979435, 0, 0.201762, 0, 1, 0, -0.201762, 0, 0.979435, -28.1687, 0.0162479, 25.0212)

[node name="Sheep115" parent="Sheep" instance=ExtResource("7_shhve")]
transform = Transform3D(0.220527, 0, -0.975381, 0, 1, 0, 0.975381, 0, 0.220527, 0.777991, 0.0162479, 22.3726)

[node name="Sheep116" parent="Sheep" instance=ExtResource("7_shhve")]
transform = Transform3D(0.220527, 0, -0.975381, 0, 1, 0, 0.975381, 0, 0.220527, 10.4075, 0.0162479, 31.3638)

[node name="Sheep117" parent="Sheep" instance=ExtResource("7_shhve")]
transform = Transform3D(-0.52098, 0, -0.853569, 0, 1, 0, 0.853569, 0, -0.52098, 4.54048, 0.0162479, 41.1668)

[node name="Sheep118" parent="Sheep" instance=ExtResource("7_shhve")]
transform = Transform3D(0.220527, 0, -0.975381, 0, 1, 0, 0.975381, 0, 0.220527, 3.06792, 0.0162479, 32.5008)

[node name="Sheep119" parent="Sheep" instance=ExtResource("7_shhve")]
transform = Transform3D(-0.841077, 0, 0.540916, 0, 1, 0, -0.540916, 0, -0.841077, -20.7236, 0.0162479, 67.5648)

[node name="Sheep120" parent="Sheep" instance=ExtResource("7_shhve")]
transform = Transform3D(-0.841077, 0, 0.540916, 0, 1, 0, -0.540916, 0, -0.841077, -33.8938, 0.0162479, 67.9044)

[node name="Sheep121" parent="Sheep" instance=ExtResource("7_shhve")]
transform = Transform3D(-0.226923, 0, 0.973913, 0, 1, 0, -0.973913, 0, -0.226923, -36.5828, 0.0162479, 56.8009)

[node name="Sheep122" parent="Sheep" instance=ExtResource("7_shhve")]
transform = Transform3D(-0.841077, 0, 0.540916, 0, 1, 0, -0.540916, 0, -0.841077, -29.4572, 0.0162479, 61.948)

[node name="Sheep123" parent="Sheep" instance=ExtResource("7_shhve")]
transform = Transform3D(0.52467, 0, 0.851306, 0, 1, 0, -0.851306, 0, 0.52467, -51.9965, 0.0162479, 43.5929)

[node name="Sheep124" parent="Sheep" instance=ExtResource("7_shhve")]
transform = Transform3D(0.52467, 0, 0.851306, 0, 1, 0, -0.851306, 0, 0.52467, -52.5889, 0.0162479, 30.4316)

[node name="Sheep125" parent="Sheep" instance=ExtResource("7_shhve")]
transform = Transform3D(0.969377, 0, 0.245578, 0, 1, 0, -0.245578, 0, 0.969377, -41.539, 0.0162479, 27.53)

[node name="Sheep126" parent="Sheep" instance=ExtResource("7_shhve")]
transform = Transform3D(0.52467, 0, 0.851306, 0, 1, 0, -0.851306, 0, 0.52467, -46.5484, 0.0162479, 34.753)

[node name="Sheep127" parent="Sheep" instance=ExtResource("7_shhve")]
transform = Transform3D(0.937962, 0, -0.346739, 0, 1, 0, 0.346739, 0, 0.937962, -30.5429, 0.0162479, 22.0611)

[node name="Sheep128" parent="Sheep" instance=ExtResource("7_shhve")]
transform = Transform3D(0.937962, 0, -0.346739, 0, 1, 0, 0.346739, 0, 0.937962, -17.756, 0.0162479, 18.8883)

[node name="Sheep129" parent="Sheep" instance=ExtResource("7_shhve")]
transform = Transform3D(0.431676, 0, -0.902029, 0, 1, 0, 0.902029, 0, 0.431676, -12.735, 0.0162479, 29.1503)

[node name="Sheep130" parent="Sheep" instance=ExtResource("7_shhve")]
transform = Transform3D(0.937962, 0, -0.346739, 0, 1, 0, 0.346739, 0, 0.937962, -20.8032, 0.0162479, 25.6616)

[node name="Sheep131" parent="Sheep" instance=ExtResource("7_shhve")]
transform = Transform3D(-0.328669, 0, -0.944445, 0, 1, 0, 0.944445, 0, -0.328669, 5.16496, 0.0162479, 38.7223)

[node name="Sheep132" parent="Sheep" instance=ExtResource("7_shhve")]
transform = Transform3D(-0.328669, 0, -0.944445, 0, 1, 0, 0.944445, 0, -0.328669, 8.58265, 0.0162479, 51.4459)

[node name="Sheep133" parent="Sheep" instance=ExtResource("7_shhve")]
transform = Transform3D(-0.893575, 0, -0.448914, 0, 1, 0, 0.448914, 0, -0.893575, -1.58111, 0.0162479, 56.6629)

[node name="Sheep134" parent="Sheep" instance=ExtResource("7_shhve")]
transform = Transform3D(-0.328669, 0, -0.944445, 0, 1, 0, 0.944445, 0, -0.328669, 1.7521, 0.0162479, 48.5293)

[node name="Sheep135" parent="Sheep" instance=ExtResource("7_shhve")]
transform = Transform3D(-0.226923, 0, 0.973913, 0, 1, 0, -0.973913, 0, -0.226923, 27.7887, 0.0162479, 38.9461)

[node name="Sheep136" parent="Sheep" instance=ExtResource("7_shhve")]
transform = Transform3D(0.52467, 0, 0.851306, 0, 1, 0, -0.851306, 0, 0.52467, 12.3751, 0.0162479, 25.7381)

[node name="Sheep137" parent="Sheep" instance=ExtResource("7_shhve")]
transform = Transform3D(-0.427768, 0, 0.903889, 0, 1, 0, -0.903889, 0, -0.427768, 16.0304, 0.0162479, 41.1747)

[node name="Sheep138" parent="Sheep" instance=ExtResource("7_shhve")]
transform = Transform3D(0.322464, 0, 0.946582, 0, 1, 0, -0.946582, 0, 0.322464, 19.6204, 0.0162479, 30.3289)

[node name="Sheep139" parent="Sheep" instance=ExtResource("7_shhve")]
transform = Transform3D(-0.427768, 0, 0.903889, 0, 1, 0, -0.903889, 0, -0.427768, 22.9459, 0.0162479, 38.4657)

[node name="Sheep140" parent="Sheep" instance=ExtResource("7_shhve")]
transform = Transform3D(0.220527, 0, -0.975381, 0, 1, 0, 0.975381, 0, 0.220527, 0.0916471, 0.0162479, 15.6924)

[node name="Sheep141" parent="Sheep" instance=ExtResource("7_shhve")]
transform = Transform3D(0.220527, 0, -0.975381, 0, 1, 0, 0.975381, 0, 0.220527, 9.7212, 0.0162479, 24.6836)

[node name="Sheep142" parent="Sheep" instance=ExtResource("7_shhve")]
transform = Transform3D(-0.52098, 0, -0.853569, 0, 1, 0, 0.853569, 0, -0.52098, 3.85414, 0.0162479, 34.4866)

[node name="Sheep143" parent="Sheep" instance=ExtResource("7_shhve")]
transform = Transform3D(0.220527, 0, -0.975381, 0, 1, 0, 0.975381, 0, 0.220527, 2.38158, 0.0162479, 25.8207)

[node name="Sheep144" parent="Sheep" instance=ExtResource("7_shhve")]
transform = Transform3D(-0.328669, 0, -0.944445, 0, 1, 0, 0.944445, 0, -0.328669, 4.47862, 0.0162479, 32.0421)

[node name="Sheep145" parent="Sheep" instance=ExtResource("7_shhve")]
transform = Transform3D(-0.328669, 0, -0.944445, 0, 1, 0, 0.944445, 0, -0.328669, 7.89631, 0.0162479, 44.7657)

[node name="Sheep146" parent="Sheep" instance=ExtResource("7_shhve")]
transform = Transform3D(-0.893575, 0, -0.448914, 0, 1, 0, 0.448914, 0, -0.893575, -2.26745, 0.0162479, 49.9827)

[node name="Sheep147" parent="Sheep" instance=ExtResource("7_shhve")]
transform = Transform3D(-0.328669, 0, -0.944445, 0, 1, 0, 0.944445, 0, -0.328669, 1.06576, 0.0162479, 41.8491)

[node name="Sheep148" parent="Sheep" instance=ExtResource("7_shhve")]
transform = Transform3D(-0.427768, 0, 0.903889, 0, 1, 0, -0.903889, 0, -0.427768, -36.9838, 0.0162479, 65.7063)

[node name="Sheep149" parent="Sheep" instance=ExtResource("7_shhve")]
transform = Transform3D(-0.427768, 0, 0.903889, 0, 1, 0, -0.903889, 0, -0.427768, -48.3411, 0.0162479, 59.0295)

[node name="Sheep150" parent="Sheep" instance=ExtResource("7_shhve")]
transform = Transform3D(0.322464, 0, 0.946582, 0, 1, 0, -0.946582, 0, 0.322464, -44.7512, 0.0162479, 48.1836)

[node name="Sheep151" parent="Sheep" instance=ExtResource("7_shhve")]
transform = Transform3D(-0.427768, 0, 0.903889, 0, 1, 0, -0.903889, 0, -0.427768, -41.4256, 0.0162479, 56.3204)

[node name="Sheep152" parent="Sheep" instance=ExtResource("7_shhve")]
transform = Transform3D(0.89551, 0, 0.445041, 0, 1, 0, -0.445041, 0, 0.89551, -50.8478, 0.0162479, 28.8223)

[node name="Sheep153" parent="Sheep" instance=ExtResource("7_shhve")]
transform = Transform3D(0.89551, 0, 0.445041, 0, 1, 0, -0.445041, 0, 0.89551, -44.3903, 0.0162479, 17.3388)

[node name="Sheep154" parent="Sheep" instance=ExtResource("7_shhve")]
transform = Transform3D(0.952598, 0, -0.304233, 0, 1, 0, 0.304233, 0, 0.952598, -33.4775, 0.0162479, 20.7199)

[node name="Sheep155" parent="Sheep" instance=ExtResource("7_shhve")]
transform = Transform3D(0.89551, 0, 0.445041, 0, 1, 0, -0.445041, 0, 0.89551, -41.549, 0.0162479, 24.201)

[node name="Sheep156" parent="Sheep" instance=ExtResource("7_shhve")]
transform = Transform3D(0.717665, 0, -0.696389, 0, 1, 0, 0.696389, 0, 0.717665, -74.189, 0.0162479, -146.031)

[node name="Sheep157" parent="Sheep" instance=ExtResource("7_shhve")]
transform = Transform3D(1, 0, 0, 0, 1, 0, 0, 0, 1, -82.9664, 0.0162479, -146.505)

[node name="Sheep158" parent="Sheep" instance=ExtResource("7_shhve")]
transform = Transform3D(-0.0933785, 0, -0.995631, 0, 1, 0, 0.995631, 0, -0.0933785, -28.2918, 0.0162479, -163.062)

[node name="Sheep159" parent="Sheep" instance=ExtResource("7_shhve")]
transform = Transform3D(-0.0933785, 0, -0.995631, 0, 1, 0, 0.995631, 0, -0.0933785, -21.9317, 0.0162479, -151.524)

[node name="Sheep160" parent="Sheep" instance=ExtResource("7_shhve")]
transform = Transform3D(-0.760361, 0, -0.649501, 0, 1, 0, 0.649501, 0, -0.760361, -30.5538, 0.0162479, -144.029)

[node name="Sheep161" parent="Sheep" instance=ExtResource("7_shhve")]
transform = Transform3D(-0.0933785, 0, -0.995631, 0, 1, 0, 0.995631, 0, -0.0933785, -29.2615, 0.0162479, -152.723)

[node name="Sheep162" parent="Sheep" instance=ExtResource("7_shhve")]
transform = Transform3D(-0.631434, 0, 0.77543, 0, 1, 0, -0.77543, 0, -0.631434, -62.7683, 0.0162479, -126.785)

[node name="Sheep163" parent="Sheep" instance=ExtResource("7_shhve")]
transform = Transform3D(-0.714644, 0, 0.699489, 0, 1, 0, -0.699489, 0, -0.714644, -97.2259, 0.0162479, -105.659)

[node name="Sheep164" parent="Sheep" instance=ExtResource("7_shhve")]
transform = Transform3D(0.0868429, 0, 0.996222, 0, 1, 0, -0.996222, 0, 0.0868429, -74.4992, 0.0162479, -141.943)

[node name="Sheep165" parent="Sheep" instance=ExtResource("7_shhve")]
transform = Transform3D(-0.631434, 0, 0.77543, 0, 1, 0, -0.77543, 0, -0.631434, -69.325, 0.0162479, -134.837)

[node name="Sheep166" parent="Sheep" instance=ExtResource("7_shhve")]
transform = Transform3D(0.848713, 0, -0.528853, 0, 1, 0, 0.528853, 0, 0.848713, -71.5304, 0.0162479, -150.411)

[node name="Sheep167" parent="Sheep" instance=ExtResource("7_shhve")]
transform = Transform3D(0.130111, 0, -0.991499, 0, 1, 0, 0.991499, 0, 0.130111, -43.2418, 0.0162479, -160.817)

[node name="Sheep168" parent="Sheep" instance=ExtResource("7_shhve")]
transform = Transform3D(0.848713, 0, -0.528853, 0, 1, 0, 0.528853, 0, 0.848713, -75.8815, 0.0162479, -144.392)

[node name="Sheep169" parent="Sheep" instance=ExtResource("7_shhve")]
transform = Transform3D(-0.605794, 0, -0.795622, 0, 1, 0, 0.795622, 0, -0.605794, -29.2008, 0.0162479, -146.158)

[node name="Sheep170" parent="Sheep" instance=ExtResource("7_shhve")]
transform = Transform3D(-0.605794, 0, -0.795622, 0, 1, 0, 0.795622, 0, -0.605794, -29.9047, 0.0162479, -133.003)

[node name="Sheep171" parent="Sheep" instance=ExtResource("7_shhve")]
transform = Transform3D(-0.988819, 0, -0.149121, 0, 1, 0, 0.149121, 0, -0.988819, -41.1863, 0.0162479, -131.201)

[node name="Sheep172" parent="Sheep" instance=ExtResource("7_shhve")]
transform = Transform3D(-0.605794, 0, -0.795622, 0, 1, 0, 0.795622, 0, -0.605794, -35.4913, 0.0162479, -137.897)

[node name="Sheep173" parent="Sheep" instance=ExtResource("7_shhve")]
transform = Transform3D(0.993655, 0, -0.112475, 0, 1, 0, 0.112475, 0, 0.993655, -33.1627, 0.0162479, -113.956)

[node name="Sheep174" parent="Sheep" instance=ExtResource("7_shhve")]
transform = Transform3D(0.634784, 0, -0.772689, 0, 1, 0, 0.772689, 0, 0.634784, -14.1765, 0.0162479, -111.329)

[node name="Sheep175" parent="Sheep" instance=ExtResource("7_shhve")]
transform = Transform3D(0.993655, 0, -0.112475, 0, 1, 0, 0.112475, 0, 0.993655, -22.8447, 0.0162479, -112.788)

[node name="Sheep176" parent="Sheep" instance=ExtResource("7_shhve")]
transform = Transform3D(-0.682483, 0, -0.730901, 0, 1, 0, 0.730901, 0, -0.682483, -16.659, 0.0162479, -73.7876)

[node name="Sheep177" parent="Sheep" instance=ExtResource("7_shhve")]
transform = Transform3D(-0.714644, 0, 0.699489, 0, 1, 0, -0.699489, 0, -0.714644, 55.7214, 0.0162479, -49.3753)

[node name="Sheep178" parent="Sheep" instance=ExtResource("7_shhve")]
transform = Transform3D(-0.714644, 0, 0.699489, 0, 1, 0, -0.699489, 0, -0.714644, 42.7534, 0.0162479, -51.6999)

[node name="Sheep179" parent="Sheep" instance=ExtResource("7_shhve")]
transform = Transform3D(-0.0257581, 0, 0.999668, 0, 1, 0, -0.999668, 0, -0.0257581, 42.36, 0.0162479, -63.1176)

[node name="Sheep180" parent="Sheep" instance=ExtResource("7_shhve")]
transform = Transform3D(0.685641, 0, 0.72794, 0, 1, 0, -0.72794, 0, 0.685641, 29.9283, 0.0162479, -79.1639)

[node name="Sheep181" parent="Sheep" instance=ExtResource("7_shhve")]
transform = Transform3D(-0.236601, 0, 0.971607, 0, 1, 0, -0.971607, 0, -0.236601, 40.1706, 0.0162479, -54.4762)

[node name="Sheep182" parent="Sheep" instance=ExtResource("7_shhve")]
transform = Transform3D(-0.236601, 0, 0.971607, 0, 1, 0, -0.971607, 0, -0.236601, 30.3939, 0.0162479, -63.3073)

[node name="Sheep183" parent="Sheep" instance=ExtResource("7_shhve")]
transform = Transform3D(0.506816, 0, 0.862054, 0, 1, 0, -0.862054, 0, 0.506816, 36.0983, 0.0162479, -73.2057)

[node name="Sheep184" parent="Sheep" instance=ExtResource("7_shhve")]
transform = Transform3D(-0.236601, 0, 0.971607, 0, 1, 0, -0.971607, 0, -0.236601, 37.7137, 0.0162479, -64.5653)

[node name="Sheep185" parent="Sheep" instance=ExtResource("7_shhve")]
transform = Transform3D(-0.0257581, 0, 0.999668, 0, 1, 0, -0.999668, 0, -0.0257581, 43.0356, 0.0162479, -69.7989)

[node name="Sheep186" parent="Sheep" instance=ExtResource("7_shhve")]
transform = Transform3D(-0.236601, 0, 0.971607, 0, 1, 0, -0.971607, 0, -0.236601, 31.0695, 0.0162479, -69.9885)

[node name="Sheep187" parent="Sheep" instance=ExtResource("7_shhve")]
transform = Transform3D(0.0191974, 0, -0.999816, 0, 1, 0, 0.999816, 0, 0.0191974, 4.51625, 0.0162479, -104.551)

[node name="Sheep188" parent="Sheep" instance=ExtResource("7_shhve")]
transform = Transform3D(-0.605794, 0, -0.795622, 0, 1, 0, 0.795622, 0, -0.605794, 13.0347, 0.0162479, -148.755)

[node name="Sheep189" parent="Sheep" instance=ExtResource("7_shhve")]
transform = Transform3D(0.763165, 0, 0.646204, 0, 1, 0, -0.646204, 0, 0.763165, -51.2628, 0.0162479, -102.537)

[node name="Sheep190" parent="Sheep" instance=ExtResource("7_shhve")]
transform = Transform3D(0.763165, 0, 0.646204, 0, 1, 0, -0.646204, 0, 0.763165, -47.7374, 0.0162479, -115.231)

[node name="Sheep191" parent="Sheep" instance=ExtResource("7_shhve")]
transform = Transform3D(0.997706, 0, -0.067702, 0, 1, 0, 0.067702, 0, 0.997706, -36.3328, 0.0162479, -114.557)

[node name="Sheep192" parent="Sheep" instance=ExtResource("7_shhve")]
transform = Transform3D(0.763165, 0, 0.646204, 0, 1, 0, -0.646204, 0, 0.763165, -43.3382, 0.0162479, -109.247)

[node name="Sheep193" parent="Sheep" instance=ExtResource("7_shhve")]
transform = Transform3D(0.783845, 0, -0.620956, 0, 1, 0, 0.620956, 0, 0.783845, -24.1819, 0.0162479, -116.339)

[node name="Sheep194" parent="Sheep" instance=ExtResource("7_shhve")]
transform = Transform3D(0.848713, 0, -0.528853, 0, 1, 0, 0.528853, 0, 0.848713, -34.002, 0.0162479, -100.106)

[node name="Sheep195" parent="Sheep" instance=ExtResource("7_shhve")]
transform = Transform3D(0.130111, 0, -0.991499, 0, 1, 0, 0.991499, 0, 0.130111, -9.45727, 0.0162479, -104.069)

[node name="Sheep196" parent="Sheep" instance=ExtResource("7_shhve")]
transform = Transform3D(0.783845, 0, -0.620956, 0, 1, 0, 0.620956, 0, 0.783845, -16.0425, 0.0162479, -109.891)

[node name="Sheep197" parent="Sheep" instance=ExtResource("7_shhve")]
transform = Transform3D(-0.125818, 0, 0.992053, 0, 1, 0, -0.992053, 0, -0.125818, -52.5836, 0.0162479, -86.7288)

[node name="Sheep198" parent="Sheep" instance=ExtResource("7_shhve")]
transform = Transform3D(0.60056, 0, 0.79958, 0, 1, 0, -0.79958, 0, 0.60056, -45.802, 0.0162479, -95.9228)

[node name="Sheep199" parent="Sheep" instance=ExtResource("7_shhve")]
transform = Transform3D(-0.125818, 0, 0.992053, 0, 1, 0, -0.992053, 0, -0.125818, -45.1687, 0.0162479, -87.1555)

[node name="Sheep200" parent="Sheep" instance=ExtResource("7_shhve")]
transform = Transform3D(0.685641, 0, 0.72794, 0, 1, 0, -0.72794, 0, 0.685641, -68.2156, 0.0162479, -93.0645)

[node name="Sheep201" parent="Sheep" instance=ExtResource("7_shhve")]
transform = Transform3D(0.848713, 0, -0.528853, 0, 1, 0, 0.528853, 0, 0.848713, -78.7723, 0.0162479, -83.5623)

[node name="Sheep202" parent="Sheep" instance=ExtResource("7_shhve")]
transform = Transform3D(0.848713, 0, -0.528853, 0, 1, 0, 0.528853, 0, 0.848713, -65.6083, 0.0162479, -84.09)

[node name="Sheep203" parent="Sheep" instance=ExtResource("7_shhve")]
transform = Transform3D(0.240804, 0, -0.970574, 0, 1, 0, 0.970574, 0, 0.240804, -62.761, 0.0162479, -73.0259)

[node name="Sheep204" parent="Sheep" instance=ExtResource("7_shhve")]
transform = Transform3D(0.848713, 0, -0.528853, 0, 1, 0, 0.528853, 0, 0.848713, -69.9594, 0.0162479, -78.0708)

[node name="Sheep205" parent="Sheep" instance=ExtResource("7_shhve")]
transform = Transform3D(0.0191974, 0, -0.999816, 0, 1, 0, 0.999816, 0, 0.0191974, -47.4828, 0.0162479, -83.6191)

